comments_1:
  body: Awesome!
  created_at: 2015-07-31 18:11:41.000000000 Z
  id: 1
  post_id: 1
  updated_at: 2015-07-31 18:11:50.000000000 Z
  user_id: 1
