entries_1:
  at: 2015-07-31 18:10:22.000000000 Z
  body: Today was a nice day.
  created_at: 2015-07-31 18:10:35.000000000 Z
  creator_id: 1
  id: 1
  updated_at: 2015-07-31 18:10:35.000000000 Z
  user_id: 1
