posts_1:
  at: 2015-07-31 18:09:56.000000000 Z
  body: "## Adventures\r\n\r\nWe did some interesting things."
  created_at: 2015-07-31 18:10:16.000000000 Z
  id: 1
  updated_at: 2015-07-31 18:10:16.000000000 Z
